30 PSO
Rosenbrock dim=7
2000 iterations
optimum: 0
2007
mean: 0.8150809835210603
median: 0.992545584946984
std: 0.56994004980878
best: 0.002038361835570995
worst: 1.80195334551149


2011
mean: 3.8465592475510904
median: 4.043644422859981
std: 0.9356751858342344
best: 1.7186230430036509
worst: 5.326361595423993


Spheredim=7
200 iterations
optimum: 0
2007
mean: 5.038430041152034
median: 5.141868724026653
std: 2.20517873915337
best: 1.1181382038993786
worst: 11.078262427001945

2011
mean: 40.98754474294188
median: 40.10937038133827
std: 10.575794898510742
best: 24.326504540601626
worst: 62.133770342271276

