linear: [5, 3, -2.5578897735083466, 2.4529265371118254, 0.0, 3.0215695012630084, -0.12557932265088811, 0.3626916889712726, 50.0, <built-in function asinh>]

tanh: [1, 4, -10.0, 1e-05, 0.0, 2.192189860816998, -0.9724718173310993, 1.0, 47.86244519462079, <built-in function tanh>]
[1, 3, -10.0, 1e-05, 4.0, 1.575115604271448, 0.2228039227270222, -1.0, 12.960863387753436, <built-in function tanh>]
